pattern_cols: 8
pattern_rows: 6
center_distance_mm: 28

R_gimbal2imubody: [1.0, 0.0, 0.0, 0.0, 1.0, 0.0,  0.0, 0.0, 1.0]

camera_name: "hikrobot"
exposure_ms: 3.5
gain: 16.9
vid_pid: "2bdf:0001"
com_port: "/dev/gimbal"

img_type: 0 

#####-----cboard参数-----#####
quaternion_canid: 0x01
bullet_speed_canid: 0x110
send_canid: 0xff
can_interface: "can0"

# # 重投影误差: 0.2476px
# camera_matrix: [2544.1495953019876, 0, 769.36308108722983, 0, 2568.1489424407678, 556.69590167873787, 0, 0, 1]
# distort_coeffs: [0.12038487985705427, 0.56095071573321975, 0.029133865726903248, 0.016870583955645869, 0]

# 重投影误差: 0.2418px
camera_matrix: [1823.8958333451681, 0, 698.02192723889402, 0, 1816.7768411842724, 581.91094428921519, 0, 0, 1]
distort_coeffs: [-0.082568675838535763, 0.22123402100441963, 0.0024047050188446767, -0.0015909831267328131, 0]

# 相机同理想情况的偏角: yaw-1.66 pitch-4.54 roll3.27 degree
R_camera2gimbal: [0.024430440246985485, -0.080611311933352386, 0.99644617013550818, -0.99808537288090904, 0.05468712543801435, 0.028894753027214816, -0.056822020647943658, -0.99524425881273515, -0.079120940779126459]
t_camera2gimbal: [0.12192231901216317, 0.017597599909154871, 0.063821676594979157]


# R_gimbal2imubody: [1, 0, 0, 0, 1, 0, 0, 0, 1]

# # 相机同理想情况的偏角: yaw-1.13 pitch-0.08 roll-2.75 degree
# R_camera2gimbal: [0.019757999571896834, -0.0004460897011832118, 0.99980469215587064, -0.99865218015711754, -0.048012384724173351, 0.019713801777788319, 0.047994213404877098, -0.99884664083986208, -0.0013941171294582499]
# t_camera2gimbal: [0.11126842144040378, 0.017406771027470538, 0.062310442782314068]
